NL 10
ROOT: 0 1 9 8
LN0: 2 2 0 7
LN1: 6 5 7 3
LN2: 0 8 4 9
LN3: 4 1 1 5
LN4: 8 4 8 1

ROOT: 4 7 3 4
LN0: 6 8 4 3
LN1: 0 1 1 9
LN2: 4 4 8 5
LN3: 8 7 5 1
LN4: 2 0 2 7

ROOT: 5 8 4 5
LN0: 7 9 5 4
LN1: 1 2 2 0
LN2: 5 5 9 6
LN3: 9 8 6 2
LN4: 3 1 3 8

ROOT: 8 2 6 8
LN0: 0 3 7 7
LN1: 4 6 4 3
LN2: 8 9 1 9
LN3: 2 2 8 5
LN4: 6 5 5 1

ROOT: 5 5 3 1
LN0: 7 6 4 0
LN1: 1 9 1 6
LN2: 5 2 8 2
LN3: 9 5 5 8
LN4: 3 8 2 4

ROOT: 2 6 4 2
LN0: 4 7 5 1
LN1: 8 0 2 7
LN2: 2 3 9 3
LN3: 6 6 6 9
LN4: 0 9 3 5

ROOT: 0 3 5 6
LN0: 2 4 6 5
LN1: 6 7 3 1
LN2: 0 0 0 7
LN3: 4 3 7 3
LN4: 8 6 4 9

ROOT: 5 9 7 5
LN0: 7 0 8 4
LN1: 1 3 5 0
LN2: 5 6 2 6
LN3: 9 9 9 2
LN4: 3 2 6 8

ROOT: 8 8 6 8
LN0: 0 9 7 7
LN1: 4 2 4 3
LN2: 8 5 1 9
LN3: 2 8 8 5
LN4: 6 1 5 1

ROOT: 5 6 4 3
LN0: 7 7 5 2
LN1: 1 0 2 8
LN2: 5 3 9 4
LN3: 9 6 6 0
LN4: 3 9 3 6

